0.00653524532792315
-0.00780972919805379
-0.0550535842059114
-0.0712284791271113
-0.106954535898066
-0.11916792188666
-0.115721295328865
-0.116275588191028
-0.0921638256403987
-0.0725532038120437
-0.053556925239718
-0.0455845075577694
-0.0421313947636115
-0.0284635387020392
-0.0166183385208131
0.0172350149313667
0.025107909839615
0.0223801662581356
0.0250527054260517
0.00833290426683431
-0.00370408644888879
0.0161454042668343
0.0245955550374622
0.0221046886469872
0.0242966357562275
0.021348618977163
0.038707243302411
0.0477962172390696
0.0464013244032147
0.0445492811787703
0.0623264554724639
0.0694397767907967
0.0757852232805866
0.0961558119886773
0.114388144974597
0.144517255288939
0.181375566799943
0.17356544710007
0.177033135854893
0.152633439053718
0.152966336614495
0.165575305688028
0.185425223241961
0.179352835828746
0.160771604820939
0.136067797416775
0.0979916780579123
0.056418784575898
0.0286294276140911
-0.0135325268890214
-0.0329670597244405
-0.0474582188678215
-0.074844280405164
-0.108309229907233
-0.134859376193062
-0.161049941402084
-0.178675412242571
-0.186978347185171
-0.162462220124942
-0.164756108542456
-0.152979436687824
-0.141472967995991
-0.149458621422919
-0.150901025689415
-0.171148264021552
-0.195126186848778
-0.24945170727614
-0.225705745278475
-0.310256800721802
-0.302058575991367
-0.29137934276948
-0.29811242491301
-0.28336606970987
-0.242800221537645
-0.296094841860548
-0.244691343852103
-0.240994306952206
-0.264146058493874
-0.237276678478402
-0.245153293075393
-0.289729153301759
-0.226936048000178
-0.236034828484369
-0.222688428693108
-0.201368131858198
-0.229037240643335
-0.216573409494349
-0.237031754051868
-0.209359774006759
-0.189587242800092
-0.189766534450337
-0.165233021503105
-0.113911531622591
-0.0772332054873653
-0.0600022562725542
-0.0102646789604461
0.0210030489840336
0.0301978567528206
0.0525156394625652
0.0704740078638306
0.0864839975780648
0.0869992113502141
0.0689631634387914
0.0630038790586385
0.0440921307901808
0.0472604207668304
0.0458861106310654
0.0468742586571934
0.045066093357463
0.0240787428587695
0.0229094007250697
0.0215883551381638
0.0368165996578226
0.0627670018676341
0.0765991811560353
0.110909684996805
0.115699627243258
0.0958082502991843
0.085549934228826
0.0680834843750858
0.0712723570518253
0.0651353786009019
0.0231969831035808
-0.0171830109459606
-0.0626481913084534
-0.0937327334489977
-0.120704715511478
-0.156042584928042
-0.177143341683512
-0.202667382956999
-0.238365472071125
-0.263831449961053
-0.285405140970501
-0.312289306920908
-0.324445925267621
-0.333534899204279
-0.337121739149374
-0.314442650553783
-0.302065759009485
-0.288592893910567
-0.260410498928009
-0.254750133829091
-0.250406015482378
-0.219636090305642
-0.22444795546787
-0.230272303965292
-0.217661256988277
-0.220090081288522
-0.226224334924937
-0.248226693659887
-0.257007323456719
-0.277240984585715
-0.301286872784906
-0.327898368262501
-0.371849418391748
-0.4044011285759
-0.448828398767333
-0.490673457686942
-0.507859579263173
-0.527067828278292
-0.536088232470572
-0.504110102665843
-0.484010848098169
-0.466045361627489
-0.462862886191994
-0.463614157027117
-0.463754370414418
-0.462637814159708
-0.468526110260908
-0.506255323294247
-0.531306037023935
-0.577081941826381
-0.614332249375638
-0.639878939383598
-0.66944697099077
-0.694502962225027
-0.703548058236972
-0.722110481645332
-0.716949935056938
-0.727371759739221
-0.744052960478294
-0.74116300708279
-0.742645142747047
-0.741613116796205
-0.779694940497847
-0.818913024748848
-0.851885577033522
-0.861592312766252
-0.880785683424061
-0.889271774749027
-0.884057966667995
-0.871842162144827
-0.865362512890451
-0.88116801327249
-0.898289760406733
-0.898626805321533
-0.885504473814505
-0.922797926170331
-0.902396134288809
-0.858403440089513
-0.852507103307669
-0.839957204781905
-0.817393879085181
-0.788622639677246
-0.790600710830145
-0.774544937677649
-0.749032701562881
-0.7029578774792
-0.672049730611527
-0.674198312817079
-0.659056840441762
-0.63207984294886
-0.597912061223189
-0.561961522835215
-0.531821250796084
-0.512671758062989
-0.495829945916434
-0.47016600634846
-0.461244519730396
-0.441872335265143
-0.440521320354002
-0.439018601989655
-0.447829239345169
-0.466961260811211
-0.453071054475641
-0.473796245548399
-0.48120965854337
-0.461107506771253
-0.46597151437854
-0.486756755845165
-0.510009422032178
-0.50973346575116
-0.513524795028451
-0.492637394141668
-0.494907987334558
-0.497398853725033
-0.484486162652275
-0.480439316404815
-0.487686840487733
-0.485697002410561
-0.467696269111076
-0.449227485772362
-0.427449305430718
-0.393785837826556
-0.338684081896447
-0.295577857291921
-0.269799564541305
-0.23885786928852
-0.199678385457664
-0.160500588201401
-0.164205153320159
-0.143930900074655
-0.150987330404831
-0.176883348329109
-0.20673970279059
-0.280065391970899
-0.34147100859816
-0.379153658284888
-0.432179156260857
-0.433236832619047
-0.464379943178368
-0.496798630979146
-0.519392857873532
-0.5348646708154
-0.511386453926231
-0.512069155016975
-0.497313844751295
-0.478641265805919
-0.451908151000971
-0.416052736287569
-0.356176948378893
-0.301774497532947
-0.246581520067765
-0.223897670044851
-0.194237121160928
-0.163238056250116
-0.118216708091
-0.0933476671387528
-0.0607857538174956
-0.0478683903125335
-0.0904779968346938
-0.139427772342074
-0.204769327676834
-0.294634077461255
-0.393737512939177
-0.500926507493673
-0.61934315854521
-0.729619210870669
-0.836066834235212
-0.908322717172565
-0.931981311656345
-0.959479997556881
-0.973179421349231
-0.966368305120339
-0.931463376125908
-0.857366953147061
-0.805002840443602
-0.745467469440747
-0.641982045257892
-0.556579835775602
-0.472462275066101
-0.390951705974137
-0.327422148200316
-0.274763521760503
-0.223887778385489
-0.163598718012937
-0.089167962643824
-0.0286953027461704
-0.0411351937204375
-0.0728309700029046
-0.135454092502255
-0.273971710640531
-0.416253872028426
-0.535664251834374
-0.666686057656898
-0.750547681472843
-0.883727162135102
-0.979470644702479
-1.01048933885693
-1.0102899423494
-0.983153594012466
-0.932523471018672
-0.881877977880655
-0.811637168109802
-0.724253307676445
-0.628643662489238
-0.486671746871427
-0.349910139986944
-0.230556524766655
-0.121164724870064
-0.0158828515510787
0.100953880295823
0.225184562174278
0.340568666142882
0.435459756694891
0.516099424264519
0.561133129763174
0.554552232926058
0.54894953792088
0.531321267927864
0.421526062109357
0.292961300816081
0.165734015465252
0.0237311054003349
-0.053693612692174
-0.130386319116238
-0.240983855885632
-0.271064463078438
-0.272077479618331
-0.29225247370434
-0.229167373808075
-0.186332483343966
-0.142257396982627
-0.110325170347366
-0.0960419270620316
-0.0638191318486966
-0.00189064364458838
0.071217152638262
0.13242817159269
0.177648663796299
0.214901137417088
0.251049726478229
0.310589595880071
0.418579016698975
0.509019675599507
0.609944201272552
0.737821713227323
0.77798837975876
0.800894442843964
0.835338934393654
0.775188095712039
0.658222765755092
0.576276013030696
0.460587494164403
0.383053135541138
0.314705831441091
0.209336403013194
0.160275516169115
0.157151493791929
0.0914039237093661
0.0644004592961562
0.0488958698917162
0.00771912479250366
0.0133467988088991
0.00830848930553609
0.0248444612268878
0.0560276588674995
0.0743094505064172
0.115131289749028
0.149174706901491
0.19031644061248
0.252219547281798
0.330101173604595
0.426660694738903
0.540054960630335
0.637153303487104
0.747428622694418
0.816353817546117
0.808198735395832
0.82078617205541
0.815489706950185
0.689227787867063
0.54866926147503
0.405295536763453
0.209683561801759
0.069304840908066
-0.10093073823438
-0.28200595890941
-0.384330532135453
-0.463715597650768
-0.536810784131039
-0.603308941384015
-0.640160161928242
-0.636440291613964
-0.625042124064272
-0.629819367513026
-0.619016658225676
-0.573291159002092
-0.526563326293535
-0.474456586471285
-0.44363490852424
-0.355752339012293
-0.253767252893659
-0.16499216560543
-0.0620130472404493
0.0618081944353393
0.133055179186128
0.221430425481147
0.261884120334175
0.226888397890825
0.226478538835757
0.154648081777964
-0.0354169184011415
-0.219485293163282
-0.381091380282348
-0.536452716080727
-0.650635893053258
-0.769971477436449
-0.827420046122715
-0.836451739396467
-0.865554579934406
-0.887393908727301
-0.864543136683654
-0.86033092896945
-0.837932598545798
-0.775629888794203
-0.784738090253696
-0.76804829276987
-0.727780267719552
-0.690833408494493
-0.602057902799041
-0.559048038774504
-0.480471906202244
-0.393873721721763
-0.314668668684864
-0.207108981620376
-0.0480082007989063
0.0718993646452629
0.220686068918701
0.295724799724168
0.266703719515219
0.260088401259968
0.197160839816512
0.0235900486766835
-0.122047604361927
-0.280550772450401
-0.445824325004601
-0.529272891412334
-0.615439258263576
-0.681803478391346
-0.623796865591019
-0.58825455068811
-0.591780301999423
-0.575570618731473
-0.584430452934056
-0.557552978214854
-0.49965474538183
-0.496761202954405
-0.477785507082169
-0.441272112519256
-0.436375153271462
-0.40032060448461
-0.395034457876957
-0.329113254510591
-0.234236212205719
-0.186056716944412
-0.0810516794700512
0.0374569629529848
0.163794592200697
0.328946280213021
0.427213955969736
0.429399540634067
0.494486807328239
0.514164360147631
0.386582871096721
0.293174394878839
0.186750691854251
0.0495371336205203
0.0106765358215866
-0.0692723018086043
-0.124924723334509
-0.0676209156551474
-0.0277233206807369
0.0139261832262993
0.0807285088045745
0.100716524434949
0.147588402792015
0.193174167298167
0.187135126331444
0.191651824821414
0.21654232043344
0.241189247623257
0.277890527524947
0.276980512561443
0.306565372001736
0.389757607420979
0.467832233010067
0.577515294383195
0.725708080523423
0.86611524492041
1.04350591787891
1.15014888916602
1.14900790878409
1.22176417146958
1.2293180108325
1.05806030582956
0.914784467518912
0.744835361432177
0.531876399483672
0.411526768062951
0.272090805492123
0.176296603440075
0.203574361850043
0.190673423277275
0.191246046585179
0.234478504113002
0.229473476107428
0.248385224375886
0.256401519982548
0.231607056341174
0.242971628127334
0.214009174524795
0.223430627996899
0.22612646238944
0.178920653362915
0.208144637614559
0.26861234551433
0.325100303366917
0.440296095158534
0.577757777419887
0.705312424636065
0.872118759492649
1.06019329321309
1.13137177519987
1.18399077893109
1.26233115360385
1.15996397307736
0.973612258108045
0.816582534325273
0.610457348382162
0.439979007828493
0.29278779041125
0.109077657697236
0.0341682983507409
-0.0238267375727091
-0.0548264992652753
-0.0396559867318381
-0.0460749772468628
-0.0139409115230769
0.0738988131728356
0.115845900028712
0.153775192163309
0.217061816404194
0.268615053243674
0.332161420005756
0.363387462462402
0.394772525905794
0.484310246049273
0.53522258570253
0.59862309181384
0.690287392933676
0.762701416912277
0.901161459570616
1.07246954141994
1.11411907088956
1.11585943792462
1.15524319404678
1.04453912971972
0.8519120096137
0.678992255145022
0.451977981740534
0.285346321323182
0.16578319290929
-0.0386900863475315
-0.123123258499737
-0.127486668247001
-0.179261152755398
-0.165685714515155
-0.164493077156831
-0.17047293500332
-0.123014691018096
-0.11559592276438
-0.110338147074418
-0.0857696609734091
-0.090072098086613
-0.0769114960167233
-0.0767229553139776
-0.118759309797832
-0.051751040831121
0.0223415498865185
0.0568382253488943
0.159809119983159
0.300827509288316
0.447204943096145
0.661816039659714
0.782081690285789
0.813823022728703
0.923909234748404
0.924823378747331
0.75084930848342
0.619164801392881
0.448133428540502
0.288703247011717
0.188638157085435
0.0328483725005091
-0.0986430483358107
-0.0973637784798031
-0.120204121556871
-0.0943093641960457
-0.0613870619599264
-0.0751391319846088
-0.00476184818712836
0.0331589736052132
0.0536484962187604
0.0728291600930615
0.0586038143562397
0.106657970156273
0.166425984368117
0.171787995483663
0.23095386020196
0.345725958548931
0.413051442623242
0.531400784493853
0.681923312596047
0.835344200006999
1.0889739572114
1.25014450176483
1.26925800737028
1.37684349158879
1.39380420846315
1.22424782693653
1.02657844573421
0.796985413499386
0.550440977722621
0.391115498243233
0.185562840994224
-0.00538968779982107
-0.0344418611299266
-0.0615665343611074
-0.0827479025312432
-0.0689768666126976
-0.0398620585191044
0.0307435528702306
0.0690926047760537
0.0121224569034257
0.018302493151033
0.0776457822404731
0.0444826210504579
0.00653892442594967
-0.0180003303985572
-0.0119861211705196
0.0659655452574211
0.131017325776791
0.17640122854041
0.318357800728255
0.53588212079455
0.745388491959759
0.977650989336843
1.1707981140639
1.2374125077301
1.33709535274282
1.38090651936219
1.22443641704287
0.98000781901014
0.776026800493947
0.562740255896612
0.370712007461741
0.184322410088145
-0.0162161391929706
-0.0906064696377023
-0.072084391014043
-0.0866484412467551
-0.0962464163942274
-0.0833263403647311
-0.0880530317891604
-0.0473926728574999
-0.011552340298145
-0.012619831189677
-0.00159723730850522
-0.0308952219722804
-0.0332678845192231
-0.058979026181682
-0.0990687430879276
-0.0733925196913651
-0.025321798132359
0.0484928748565366
0.158628287783554
0.322172449167452
0.512026396828936
0.712019499309683
0.82577631046273
0.830371140835203
0.90834012927243
0.835138779102749
0.588809508554359
0.366549156093616
0.147461910490855
-0.0698764086473588
-0.207859755385947
-0.404177832050622
-0.580959097799501
-0.556779849819023
-0.540711147668616
-0.560142413922581
-0.561753871041088
-0.585034204449216
-0.557961325046195
-0.547154902309662
-0.584187792843329
-0.592113620076029
-0.634237520612
-0.641771147083573
-0.656633275246404
-0.72558808516973
-0.719134334481579
-0.650977245015845
-0.563495754205292
-0.447006113363824
-0.287878820589191
-0.0537684783462747
0.217042953831625
0.422947892942498
0.469493936422016
0.573785894130969
0.635811581011049
0.460267821044956
0.209077609910338
-0.0136800574145255
-0.25035066179995
-0.441388392449557
-0.630889332050399
-0.847253222866858
-1.04815363902752
-1.06085686155764
-0.971744722641046
-0.95647779107325
-0.931677471113314
-0.815393251826377
-0.663597678210641
-0.492321798713143
-0.489604443751444
-0.507941496006323
-0.427192471482024
-0.363707817200966
-0.391616105255926
-0.417890998163226
-0.324982445293326
-0.187028518977761
-0.0358758290742264
0.262081770328697
0.646757981428428
1.06617112942777
0.895826252179955
0.394902133100037
0.299177719336045
0.205270464900815
-0.433872642430239
-1.02626254225109
-1.23111412843719
-1.04254999553066
-0.983264976519445
-1.14849558864358
-0.979106698873543
-0.491580244359446
-0.182586869672254
-0.247481012509716
-0.3798879162884
-0.187183115153517
-0.235673236162929
-0.747158266191479
-0.968850419648816
-0.911804763288889
-0.894070448483587
-1.03974469186228
-1.25053810236656
-0.977137312923807
-0.681477449576243
-0.538610077742899
-0.370908149303519
-0.0664884422489001
0.453251499821135
0.884957423379964
1.10588370194135
1.35691091841806
0.547900764796809
-0.425444498345937
-0.506887218449866
-0.954654509661597
-1.76353277135391
-1.87433746264134
-1.48882500503507
-1.03008917347907
-1.18990460972594
-1.12461859476757
-0.481339775332475
-0.265733633110833
-0.410491969776804
-0.409055358144099
-0.182101849340942
0.0331864149831171
-0.566186517558058
-0.811440487341915
-0.3843376643685
-0.526140345045289
-1.10370522649127
-1.27120567883692
-1.00682272370352
-0.860954169696476
-0.968374676847026
-0.468898108443042
0.190991715741837
0.432539670496373
0.847417846199146
1.36764813903396
1.82961540428071
1.05222961129119
-0.50569128942317
-0.502847384866774
-0.465548068465271
-1.61581502538995
-1.92535655877646
-1.1579039197434
-0.408156316181245
-0.695920542915419
-0.884440052399715
-0.120838906074348
0.0726983497897467
-0.465545772136871
-0.539924639120418
-0.106907926918895
0.0827311541314971
-0.57702408952602
-0.664315772624622
-0.197057710020961
-0.482805776582117
-1.09460747183919
-1.19440671890542
-0.883938370813765
-0.891311370141454
-1.00720889465069
-0.170583610742243
0.56673976925392
0.678250675465577
1.06263188309673
1.70361490361962
2.15238162068962
1.03055865254352
-0.678851303134004
-0.28605395784985
-0.176974057015349
-1.46524828536067
-1.37029413709548
-0.119605253478107
0.459647453228156
-0.17881852710512
-0.127891494753508
0.762293669888155
0.412988978980563
-0.277406155379158
0.134258516949635
0.756247312948956
0.708733046502369
0.172044025532111
0.309786149811495
0.478284640072122
-0.196868213522771
-0.645683761004195
-0.464465668447659
-0.290244233887695
-0.30075199340136
-0.0130741940103249
0.936617429894431
1.36592417007475
1.34018806118052
1.91996328452297
2.50440812877195
2.59848926293602
1.87996067115895
0.144659892872327
0.0762934975392906
0.251076676399942
-1.06121103566418
-1.00582722564263
0.159327156709944
0.327227165930922
-0.185521183144772
-0.0685412215352404
0.524192564746794
0.0149632195151415
-0.417417043693918
0.252524069298508
0.578602396295337
0.369208290135721
0.351678003412293
0.282493848724705
-0.228449804704053
-0.558862736756488
-0.685067861419415
-0.976926500757254
-0.91514549294582
-0.57103161296236
-0.218886159989996
0.232843327469577
0.640253244685834
0.890635619606296
1.18282935245019
1.48787972934381
1.7626366257217
1.16463541049384
-0.803936574831179
-0.854957470316711
-0.353785671093843
-1.78107652494342
-1.72020635225765
-0.385688043874769
-0.293775960808968
-0.930184010738779
-0.774893052625646
-0.174178850646751
-0.772672967767365
-1.15729190889304
-0.358795200511288
-0.152862146514579
-0.470154481736798
-0.491146425761283
-0.592569977440306
-1.09368701693997
-1.49460751503544
-1.61573719325978
-1.81984317376779
-1.80645683558401
-1.43470321865775
-1.10255385821678
-0.645774097359688
-0.192863196912326
0.0140638831297611
0.306497046780072
0.742164416119189
1.08011870888864
0.700812837536027
-1.25364595334676
-1.40313766851373
-0.746282620313928
-2.16402120381586
-2.19938927416263
-0.763731230021023
-0.74497272187426
-1.40228740843575
-1.20719802784472
-0.666680655057883
-1.3750491115391
-1.69344700060714
-0.803631663140861
-0.607734551571763
-0.906589283552464
-0.677930767486151
-0.725474541558863
-1.62024074271639
-1.8967536319477
-1.6613686277707
-2.10812298486462
-2.08755966423872
-1.48877812135181
-1.16783044595987
-0.898930043986377
-0.346389219055107
0.0115429787415625
0.125361613350491
0.591185718187892
1.12801803741418
0.831190649845703
-1.10295091283404
-1.40457706236541
-0.513018630969402
-1.87104494506181
-2.15366036868297
-0.526028746758374
-0.433530437500785
-1.12142144144715
-0.92728400279845
-0.352200894268628
-0.959501117027464
-1.25674090716654
-0.295349717867727
0.00906635919686319
-0.269748321217008
0.15656223592867
0.196158460668977
-0.859560939744205
-1.06450522502476
-0.625752289042289
-1.26241100608447
-1.34140095954779
-0.560226537549541
-0.289286719845649
-0.23923687351524
0.347907733652491
0.788764662839702
0.809555969076824
1.1520414675964
1.87847698690953
1.74846956597474
-0.448364248886392
-0.734725706236192
0.433995718467556
-1.08070365779034
-1.47006246894762
0.282442285132033
0.381896525410607
-0.448137434689889
-0.276282947141872
0.380259685530655
-0.328809102313029
-0.73921396044197
0.277237415680728
0.508814049134675
0.202240457353471
0.521176398699747
0.506036231183857
-0.293180132964353
-0.795850086077574
-0.467177598357003
-0.813585222053444
-1.10617591837114
-0.330749638402647
-0.0265869671118013
0.00549865883919739
0.618720585868381
0.979169794917225
1.03086989520127
1.46655898018922
2.18979104048647
2.01191494624895
-0.12526230417712
-0.356255859158935
0.607439407445826
-0.870441406133076
-1.14241689571676
0.535403460437564
0.464319398757024
-0.381689945892691
-0.1478888443999
0.276589491855362
-0.525612556224028
-0.729512168699358
0.277516505874859
0.529368309959638
0.278878824518555
0.738622027630138
0.928780831451767
-0.329388669967347
-0.694623316448385
-0.0781847694323246
-0.774815385804012
-0.89727358453984
0.0277740341715897
0.230341041127724
0.208613715191802
0.73893990067714
1.19335823299646
0.939689095330419
1.3445397924841
2.18958271710113
2.26871154889716
0.429890448877139
-0.626047417651026
0.597406121704675
-0.512750556479014
-1.68973622157468
0.129080160015499
0.493706959316487
-0.433343803150284
-0.424734192616333
0.137688463005298
-0.426536773829046
-1.05288410952353
-0.173225587079446
0.387945095952511
-0.0535193225975288
0.274572896954483
0.583679018776679
-0.459406795974572
-1.02154614199877
-0.543853066690042
-0.995830840111548
-1.17305818694187
-0.4872323935609
-0.23073425053459
-0.21391757089341
0.189095818230496
0.588000007958996
0.466202595983979
0.833535906514809
1.69519014486437
1.9329838209097
0.317862689571046
-1.1918391220207
-0.0631936334409119
-0.639201601092279
-2.11653838379027
-0.429889672650982
0.380261726116687
-0.440582941904109
-0.553793481819728
0.025337254308954
-0.339979393332466
-1.09532467898232
-0.40587995094019
0.329221258386434
-0.0314691767037021
0.109407274519761
0.55776710812057
-0.161333407006591
-1.40971394309054
-0.95257569072337
-0.737180413307373
-1.43514591416592
-0.901788761709271
-0.127966840302076
-0.273913326368517
-0.134036657132156
0.449690538822543
0.545161927229988
0.481829466264078
1.26075889430045
2.01476016767747
0.748301435798699
-1.50479805978071
-0.56094712379781
-0.202060748434028
-2.19113776559523
-1.13252435092113
0.497395215137455
-0.277505193415739
-0.870286704141009
-0.323065648684093
-0.226243048255126
-1.09311648851145
-0.860125194537519
0.211965836714489
0.0213431036505448
-0.238607134496532
0.355466877081776
0.00415334165227845
-1.28628411905874
-1.217965183458
-0.903661919596655
-1.38792712949605
-1.14856525011825
-0.491683820856728
-0.383050536382308
-0.346148791916491
0.0479394016973707
0.242276193494631
0.182471921007263
0.863208691984964
1.83757163812823
1.3686985606705
-1.17763616826131
-1.02368938053578
0.201396559126958
-1.7438976227041
-1.63052845142841
0.607517055383811
0.343517280563076
-0.519297979340306
-0.167561259793112
0.274438943511869
-0.554937902026085
-0.817542024538896
0.365317375713379
0.591862108655337
0.0697952246253786
0.510605808730209
0.623646801287982
-0.563004661196251
-0.944615265768244
-0.532445823302108
-0.824242792476907
-0.789457524111947
-0.264241409329028
-0.00181866841737097
0.139688346765123
0.497725996855883
0.827923239796387
0.737726251010199
1.23170134137961
2.25774457578836
2.41094947320574
0.0962396732693693
-0.919044452093432
0.682781887924507
-0.411192813128594
-1.48386285441492
0.672394915483802
1.27816010882102
0.248684475217055
0.136752963129344
0.766964663118291
0.334606102811704
-0.381322726559072
0.493809760351451
1.32478132459227
0.773736745889491
0.809372926847881
1.26118470088714
0.595207653249065
-0.437789424743105
-0.215044575622345
0.160625475818551
-0.0304820660241822
0.13822279230789
0.712363398657623
0.878214457833886
1.0371017886503
1.39367797593113
1.51740607455786
1.82208009118087
2.59511781333334
3.09305388276112
1.83361539885848
-0.421509370670692
0.607675414492226
0.923048887488966
-0.940061159622345
0.288279664240592
1.8727769555411
1.16346019429501
0.450123747264614
0.746218363020447
0.962118860681494
0.252551003648727
0.354177531209267
1.60653365310877
1.65049977306745
1.16600141768208
1.58530640820816
1.37910058713886
0.357588960246826
0.304026333646228
0.488334794701006
0.428432588149896
0.693570453181924
0.844980269858101
1.06386101524525
1.36517090796156
1.52870580224527
1.66580686017274
1.7441005773097
2.42884390777483
3.02799046828521
2.69800197123964
0.397635675999241
-0.113236841456216
1.30730287378544
0.097254544251757
-0.361451372439232
1.66186693667877
1.89388842949579
0.954757801558286
0.66276188806176
1.08636766133221
0.851295122086804
0.195795262782299
0.931886945938075
1.73090204953076
1.17764639974952
1.04829493657231
1.21352081879182
0.785997173671479
-0.062140753117868
-0.502801596159724
0.0241029211504564
0.383938228107373
-0.0305250324801552
0.171142787448654
0.866309432108527
0.937204510071655
0.721807432204391
0.960230242021552
1.55070980925866
1.98188130242051
2.33735156151759
1.81489610840297
-0.570172261654903
-0.575819774427534
0.703557800282823
-0.520809401899583
-0.388034774427245
1.24714496672635
1.12136486248726
0.210664935150957
-0.298351297992127
0.148859334908516
0.0637922287987845
-0.530298365149303
0.338527863906704
1.0531587207271
0.465447873474954
0.250443511412142
0.301012760905304
-0.00836879511073786
-0.762707775127833
-1.01285455666807
-0.309826129855208
-0.13716190208506
-0.712837047454821
-0.308666705599492
0.426834923671546
0.33056918278801
0.136419960059475
0.454071424236592
1.06610021443648
1.34351033472909
1.73128023076196
1.04129157314047
-1.44457726481844
-1.06104305777984
0.262581917763147
-0.931325387808027
-0.56289129695116
0.815507868891562
0.607390235099162
-0.255231606534868
-0.799518702709715
-0.248839579337978
-0.195668449897074
-0.668349794149352
0.151303456989324
0.778351194663689
0.249906621252504
0.0372156733887651
0.0546712676193685
-0.0615227142466945
-0.670024484817539
-1.08651419691859
-0.367006758530963
-0.172248559338991
-0.844584041692959
-0.425331679819091
0.330228607735907
0.309897618266274
0.160033323444899
0.409104909933907
0.954912745009791
1.19551523614484
1.50932246873456
1.57557698394019
-0.810606191472936
-1.50903539638418
0.446793544049133
-0.023225835366027
-0.699392005508925
0.55812404473292
1.08701120567026
0.505560005769214
-0.609393862738975
-0.364908423069807
0.525187191510173
0.0370956767604636
0.000963651279512776
0.950503285839718
0.962225945817017
0.50020909461771
0.222398710209164
0.375401178554035
0.342107531995895
-0.729996693910973
-0.731062487964058
0.308384141270781
-0.13825658176932
-0.465304322386669
0.510180704685727
0.921242942449479
0.560356783073635
0.315503547881303
0.871934261800602
1.59662889039814
1.545149280957
2.01754390089391
0.780085093934039
-1.46916473889551
-0.165255964928722
0.77293516069486
-0.585312743677393
-0.0874788161905651
1.01811488990404
0.953881418435133
-0.146092198048356
-0.873588833169057
0.248325694587264
0.502345201895386
-0.271305017906761
0.406769147406447
1.1712461053318
0.850436752740393
0.393007164909911
0.262938258262613
0.515813078193478
-0.0538625455692331
-0.925384850744402
-0.406554238362144
-0.110787172664394
-0.553415583432452
-0.0995728652386246
0.398676160335398
0.367985913517903
0.174754275166133
0.129996229978166
0.64942986244236
1.02013183012859
1.38820467464072
2.04549588350944
0.0262401441631539
-1.83948736523769
-0.106415204147646
0.359075007183095
-0.831581007668108
-0.167351317567726
0.746019643557492
0.640573376196991
-0.615368964786419
-1.27198023186567
-0.232710317911447
0.0606558913974581
-0.434620798926688
0.0343724094197709
0.705940866716659
0.681620094024755
-0.007210428380334
-0.450781990292091
-0.147687380498825
-0.513518127402829
-1.42783881888699
-1.13369137793872
-0.620460487068756
-0.733744313169991
-0.670983139333265
-0.550914756815839
-0.439085404288281
-0.340557341692579
-0.455706680813903
-0.0105622002309835
0.591012739346659
0.978027090269179
1.85569775465581
0.504130546660138
-2.25159843645549
-1.34275858102508
0.447573811415108
-0.434347786723083
-0.845064136955975
0.185421775120186
0.68932009058962
-0.450884512774634
-1.93079168247986
-1.18935426000613
0.051452324935432
-0.361243728749201
-0.558174901399054
0.23184784491651
0.407419105850573
-0.251422003182261
-0.894208883118953
-0.906200709007058
-0.601636034559396
-0.903132569927706
-1.39695426682302
-1.15966302059299
-0.730283743976074
-0.742332083654395
-0.847799925007154
-0.7523810952513
-0.392347915053739
-0.0324126860759659
-0.0857273269985814
-0.0504493598344915
0.607320104543759
1.56638504830267
1.52238366622341
-1.19802443929054
-2.6075051586237
-0.424560405770884
0.348907626660728
-0.872965382439196
-0.578042800344407
0.179504261447563
0.00129519371014794
-1.05304945370775
-1.88583798133406
-0.774885708332522
0.37710542688921
-0.186099846787777
-0.53165996364829
-0.05352587194186
0.0176457705999029
-0.493563069801244
-1.21843039236854
-1.0853442693092
-0.471325967055582
-0.768333044552954
-1.43393423538245
-1.58119952749742
-1.193225993766
-0.709860415408449
-0.751612844709143
-0.880978785176485
-0.340772867848323
0.0597856665292512
-0.2962115020661
-0.528507231501611
0.0931892213783206
1.22087413257907
1.56119508289558
-0.83961801778037
-2.79159190155839
-1.15707301299488
0.262668429496897
-0.770947341292516
-1.23113166046722
-0.732086556397636
-0.322900942421874
-0.681527720033623
-1.67730385529849
-1.35862083514009
-0.247040603108418
-0.146954933902248
-0.559589509149422
-0.683143302017627
-0.418570014837016
-0.146193917688158
-0.79130416065313
-1.42794420573861
-0.921593436241813
-0.732286393444402
-1.21650514589098
-1.50924139094742
-1.43994656075882
-1.05403266552808
-0.819045626374896
-0.917202839738207
-0.774021452667435
-0.610147322487406
-0.604050464631893
-0.491148687660861
-0.381219016982149
0.173585784415713
1.2891223173578
1.41664007020793
-1.02910722340162
-2.754941620189
-1.25647399568513
0.216477305359714
-0.409675845452998
-1.08555572727831
-0.737406427677193
-0.0363606615741463
-0.216863076853587
-1.4168488580968
-1.72465072633978
-0.887282797310098
-0.277610974073304
-0.42929157052082
-0.715409815094696
-0.65535758608327
-0.583510778078033
-0.980873849798846
-1.33983354936237
-1.17676650677789
-0.904814408250407
-0.709237022874328
-0.909158079671111
-1.45601777063641
-1.59021660312365
-1.15483172918251
-0.760239689364685
-0.843514836638674
-1.07667258535653
-0.833175831504488
-0.306351250633167
-0.226335782744696
-0.23951744935744
0.223706970587966
0.958897566501051
1.11947602323351
-0.633167868909879
-2.23165493274153
-1.24932528811726
0.0992934600410411
-0.0457162114893205
-0.515290499985174
-0.549090831000321
-0.14842814366186
-0.160094527388533
-1.12039146399633
-1.5775396116778
-0.822926903451643
0.0932070067299956
0.34693764672372
0.000399993549610057
-0.479449299696466
-0.501184029598767
-0.173769886473585
-0.236327150318011
-0.580504195395749
-0.587156819983604
-0.380986630757882
-0.540259060884766
-0.885724675982503
-0.933635206640737
-0.787129454532474
-0.684644228176379
-0.575827287890568
-0.382236902569519
-0.247584976812938
-0.108757172312198
0.132756826336448
0.431012930552488
0.76820933057761
1.01773580083678
1.44857139916503
1.48443915158534
-0.235653823300911
-1.65505769241917
-0.701964969363193
0.447511260879587
0.342590028148685
-0.082363823098809
-0.345438870657046
-0.0661062116683703
0.208315631333402
-0.32292155477574
-0.598265339719393
0.0742219860997451
0.866095225910899
1.10546074806079
0.569812245299204
-0.144519073980899
-0.0675700832065401
0.277700198223227
0.131507418202059
-0.0676198925353081
-0.0658303807397969
-0.0135092119966249
-0.0446378244593807
-0.168412659545459
-0.0432937697397851
0.250692703795037
0.223166726786593
-0.183932786533258
-0.512088027361349
-0.270262973517675
0.466097593499109
0.810760800936849
0.598394232166059
0.422881052479768
0.428689937006412
0.460344617996529
0.55759897597418
0.772328862015841
1.27646609207615
0.65917829092361
-1.07313847210425
-1.31853091395387
-0.157328686583187
0.618285630229581
0.819202463533426
0.47749592123445
0.1686343027937
0.469788900229978
0.352429276846905
-0.290779677388266
-0.536048284255724
-0.238316734745562
0.346478704710696
0.706587385009932
0.299836310679372
-0.289127396327211
-0.187532382082982
0.0519935068240011
-0.0524535928179402
-0.283638177478452
-0.301139304852726
0.0865190992759253
0.353850614147465
0.154418079317952
-0.10194117710102
-0.156491005730909
-0.106094454561274
-0.0975247848024039
-0.195280406620253
-0.215102961356906
-0.135547783332574
-0.22181146481724
-0.437762166483554
-0.652553039202744
-0.851807372856649
-0.700062600175915
-0.264437776534095
-0.0616841841571288
-0.153570885467543
-0.364137741698741
-0.543312613145995
-0.484738950454823
-0.27685051935818
-0.0493333813118857
0.216701099089257
0.442282694348793
0.55613628950661
0.446958352385694
-0.0293971008792067
-0.623949047979789
-0.860756913307124
-0.5103573648918
0.0450052871447237
0.226903295305379
0.106802074047708
-0.0119650416545913
-0.104609942293045
-0.212406034596388
-0.352194163516807
-0.445152425074682
-0.394461616348033
-0.201925901646949
-0.0734004315549971
-0.178125975287138
-0.389995422018851
-0.463578725080505
-0.33745794248024
-0.309576538925742
-0.356460791396731
-0.31899933763523
-0.184252124615994
0.0185527308642156
0.181140106512745
0.164095096771432
0.091225310412353
0.170448449799653
0.370341335941266
0.449349956151138
0.426389737405155
0.330308731786236
-0.21958993531055
-0.716999538379061
-0.583251648404744
-0.168789300058719
0.120906913210862
0.156222553473599
-0.0792286219323936
-0.153753020205583
0.0165040067940765
0.0207732241501671
-0.0809791649384266
-0.0680454863494012
0.0994956385860291
0.359398974804872
0.461882471707969
0.262576539174436
-0.0242195953588114
-0.100217823707036
0.112257859337632
0.23659295055464
0.0485168949027158
-0.185758801333265
-0.156306369047905
0.0926420373989475
0.321136198436813
0.314832154575917
0.0992029398519387
-0.0510566749705377
-0.0149676424888457
0.0896895816430262
0.135554706673074
0.112220137213006
0.0808476234145385
0.112059967068016
0.161141564212786
0.153395427294917
0.139498093656178
0.122812749446373
0.104829702469604
0.168303476107717
0.229515849794223
0.191981298114332
0.120125887526818
0.183842015183925
0.234068804267373
-0.071139353454354
-0.340335846032536
-0.153832171377761
0.199842073212069
0.443199777793538
0.489499702818087
0.295631530279306
0.218979287264834
0.322721624440602
0.385950843722268
0.464955286996616
0.535952832169624
0.556533715145112
0.614592706134838
0.317254895070689
-0.255946074381884
-0.45080228631817
-0.179137447005167
0.227248041378563
0.471850231758449
0.352754939816476
0.174196487603121
0.170216399348753
0.222367051887893
0.202017908252776
0.143258570140211
0.14489141673971
0.244918006305123
0.373196324589678
0.425928518992008
0.339530690913984
0.158465337961034
-0.0192346118269302
-0.117124895029571
-0.141306906740433
-0.177881389937128
-0.206549965692454
-0.189283401429992
-0.0692891691369827
0.0249947601483987
-0.0184391602812772
-0.175380990918065
-0.268920895865408
-0.116180721909085
0.0953289575258564
0.185978980362226
0.128364745289093
0.037705116797513
-0.01891417090555
0.00974916252343175
0.0986886587761274
0.0612833052042108
-0.0327184754266323
0.013363755069691
0.0453202514888779
0.00573365790905622
0.0530270129876972
0.144941775660418
0.185135724936028
0.201438881640348
0.211813159713765
0.195154280908103
0.172262102133045
0.183416995250489
0.254699581804766
0.307015909762492
0.37563760552932
0.34704148487933
0.227269727722759
0.119413128655847
0.119005133696542
0.162088958973416
0.231773926530247
0.266872485796951
0.240066064305405
0.173607385987149
0.113957609050814
0.100343279234896
0.160392716014755
0.106252335132321
-0.115956054675953
-0.18646876594143
0.0193885643108846
0.282731914077626
0.403939625714802
0.437715846908056
0.37841345067746
0.295577443679889
0.330397026125712
0.457154664461691
0.606352683026728
0.683400148034862
0.643028234652827
0.605616254126902
0.634277424540573
0.649763005008065
0.514592110145064
0.23413993896654
0.0607244749239359
0.117264104092344
0.308364812510935
0.460157261026436
0.506028689129103
0.532678836858501
0.515163758893667
0.41724329656948
0.355394109812991
0.302882597869684
0.249485601552858
0.189619017104582
0.229165841975534
0.395416787725386
0.518836432043048
0.505714786275746
0.448926968084584
0.438432100329909
0.453117212196029
0.508078111304907
0.567125710287189
0.646014776083094
0.744313096582005
0.847304325319586
0.791732202482659
0.582370409298584
0.411193464855805
0.398936863465206
0.478277751136382
0.546253900989248
0.53908569748876
0.521773331388353
0.520050564048015
0.431700791339126
0.351513740185536
0.344733793581686
0.352669550708195
0.378812473514428
0.462205078732416
0.529892235663475
0.565438472511808
0.586112602641734
0.561601449862361
0.441781266893252
0.320738477241584
0.269692056533692
0.238592130173552
0.220336655953259
0.221847021708429
0.270970983751418
0.278665064852222
0.253876338985604
0.276042923277359
0.32769286132792
0.354211447868779
0.325001337866457
0.270194194169795
0.248848912832498
0.221112341749681
0.185688229510183
0.208827021184425
0.20100453185504
0.160457683567899
0.172316980212851
0.205900141544262
0.144515500104143
0.0473936824740761
0.0435590321389474
0.116215783651617
0.177660644132953
0.228839305330636
0.285491980897976
0.3592759594303
0.326958796070629
0.246231326304199
0.190847695521698
0.225644495763923
0.280547897528931
0.3175289752066
0.304637026668405
0.302784983443961
0.32446698663758
0.319475414028927
0.281809358719974
0.261552217686445
0.327064233313185
0.35402465074995
0.336306844256399
0.258012147630138
0.0526496132950274
-0.121384896684448
-0.120991465373877
-0.0297696822915829
0.161822615065328
0.326400938113828
0.375082354079474
0.305764721116986
0.214750537728939
0.214757083782771
0.262374533434651
0.254422035103014
0.249416763671049
0.259823747530518
0.279940204492686
0.224725533265644
0.0841491284402797
-0.0597622436131221
-0.1519743941409
-0.173024572506698
-0.131703044538313
-0.0917224511313896
-0.0963789441562589
-0.0984054291916572
-0.10467245263927
-0.127597674637107
-0.0958865549246733
-0.0245744178985614
-0.00762625889885197
-0.0656663004694989
-0.119557292410263
-0.141346017347173
-0.115016926152513
-0.095335794715075
-0.0631743821254824
-0.0579478203588701
-0.114264454571405
-0.086308088960872
0.0504773954887036
0.0863972414053408
0.0377950012019617
0.00794972790488358
0.0793165572427129
0.147721794496393
-0.0200237092059578
-0.277480493291944
-0.424711455630356
-0.5388548293416
-0.536719661115185
-0.39427583246085
-0.296880486250269
-0.216679612679016
-0.205414035063083
-0.244773362753844
-0.257706636526692
-0.20945084237865
-0.179611472528543
-0.232526600271767
-0.322508716291187
-0.370353173037587
-0.351730297959731
-0.306448477776342
-0.296025769868953
-0.252736976590014
-0.227042076006909
-0.303688975334676
-0.413311208522873
-0.45385423251447
-0.433179917704635
-0.416819004723759
-0.448506662931343
-0.489598545502281
-0.471703646034924
-0.462502224429173
-0.463591340472362
-0.4619685270481
-0.43696476725402
-0.491424491604133
-0.610890715642505
-0.743119699344851
-0.829431448176997
-0.815276828285043
-0.743460855807291
-0.701968131046528
-0.717907619137488
-0.703399869117732
-0.694231770427554
-0.724861909055199
-0.752557495534456
-0.762109591089807
-0.718561122383707
-0.690905102898087
-0.714895394196661
-0.736638814365179
-0.700836918648912
-0.689083066405255
-0.680500360052024
-0.671152033827767
-0.696496479400226
-0.716351636224282
-0.721155982041466
-0.739323539309768
-0.780454755418995
-0.846851525802508
-0.88410152707183
-0.837600342051824
-0.771431502670593
-0.736078594945833
-0.715937372069511
-0.757086536130425
-0.737486420662889
-0.691603109184352
-0.682111068708924
-0.697717357263336
-0.688124974713247
-0.667739687525285
-0.69405823412468
-0.739192029952889
-0.768889613571733
-0.816235939209272
-0.832900535954926
-0.794523078780255
-0.759437017570734
-0.739620078290876
-0.721233182881754
-0.720194012147241
-0.705735240862668
-0.650406999173638
-0.578349863691207
-0.521872677888659
-0.516091034920548
-0.563653736545761
-0.61305620145012
-0.613229737752995
-0.602153784709161
-0.575072213947584
-0.519133156141963
-0.494190518084878
-0.485035362689776
-0.460694460405071
-0.391048369777841
-0.347464412084635
-0.342455795047141
-0.343979346255688
-0.34903206731559
-0.318052932168965
-0.26229778099545
-0.253519531498745
-0.291502785883136
-0.305289878515029
-0.292681844498262
-0.283513052082551
-0.320375050677391
-0.320550839234614
-0.253215847733966
-0.207961040923887
-0.23356740376398
-0.247899373212323
-0.213050213929318
-0.186748614777838
-0.184301626312077
-0.201182866992615
-0.210207893325495
-0.172691045540935
-0.125075596398296
-0.119039046229152
-0.125645037677726
-0.110080393193363
-0.0807466737971599
-0.0620685169115002
-0.0727750754161723
-0.05520080003394
-0.0291575662816331
0.00572002688902139
0.0334785943985633
0.0497095022604775
0.0474020718180479
0.0485338052224988
-0.0319221097052748
-0.165978232940075
-0.247138857675293
-0.244839545307746
-0.216883179697213
-0.146763019018723
-0.022503775652017
0.0962247195761468
0.186153352015642
0.242839791633931
0.27201989490464
0.287568061798081
0.28151181012229
0.250723293941828
0.223160737831755
0.210173731882208
0.203947130302755
0.140764437436672
0.0326887231432956
-0.0788021476471206
-0.161410503755911
-0.185238426123132
-0.197157691665192
-0.207335214807121
-0.163087018981117
-0.0545683397579971
0.0489341527909816
0.111660815005149
0.114511983300601
0.0814638175401526
0.0510994430984499
0.0221051673168566
-0.0277767699095047
-0.0436035738198035
-0.025903665315101
-0.0247225180226826
-0.0178701589993708
0.00873805067001769
0.053933195689993
0.098123588690421
0.134600502575333
0.162546262525187
0.206275200923667
0.263200679812068
0.304676201849572
0.205780541512052
-0.0259808614448593
-0.224992847408723
-0.422648466258921
-0.519819950349131
-0.503366528276227
-0.416135520912362
-0.331254382428936
-0.293391242331213
-0.360987525984164
-0.41642463554412
-0.402809906819698
-0.387110379111333
-0.325336906882894
-0.295134816593235
-0.346682325431899
-0.4166915594536
-0.46690608033493
-0.492060727069256
-0.443297085330927
-0.368554157444069
-0.344081092063814
-0.38818424223584
-0.482271010384516
-0.536638214401657
-0.561137347793716
-0.598168554540791
-0.618924608576764
-0.643338490836785
-0.653555826186872
-0.633067990974988
-0.602499747992111
-0.580820788448397
-0.580334937284834
-0.563433942018045
-0.529521620501295
-0.555251749513522
-0.626078454228472
-0.667985896696472
-0.671902044099438
-0.686713477883973
-0.703143229354668
-0.740314887764054
-0.821809532163849
-0.904062208508263
-0.925088159427101
-0.84696814719097
-0.753263619895603
-0.672067591553329
-0.568718060592944
-0.48735162531754
-0.480070902863428
-0.479965495869509
-0.460205011152793
-0.470076375234121
-0.506663831274578
-0.528108332161861
-0.492928655618205
-0.47970382943508
-0.480193895127786
-0.45698679426715
-0.448781484772158
-0.491742873848783
-0.590887845312856
-0.7201477539224
-0.849115909268492
-0.912396385674953
-0.888453839262368
-0.819151174839708
-0.714375381589811
-0.605593141659658
-0.551112834609456
-0.562529204559111
-0.585901497550045
-0.618685197922451
-0.640072417319758
-0.672819203846613
-0.714055913959643
-0.727170623998364
-0.761241391678133
-0.769789804659008
-0.726297417944844
-0.629810145652942
-0.509633151581903
-0.371041344736518
-0.269094517579867
-0.203469168281953
-0.152404894618067
-0.089455880942897
0.0121919679843909
-0.0335081505314713
-0.236648175338973
-0.468712482464056
-0.699777946218118
-0.836608792914478
-0.796909876431735
-0.685983904962389
-0.558375229343121
-0.422541737419596
-0.346567193970745
-0.275845938586679
-0.247036915271559
-0.205142397698952
-0.159559492162797
-0.160446682585737
-0.17652524204435
-0.225097790029937
-0.271400534702025
-0.319126744939163
-0.297946395174179
-0.211458557349097
-0.136362662222398
-0.0875093973555394
-0.0755968353346586
-0.107071126631526
-0.14634312038148
-0.203081560928954
-0.281429484940614
-0.333195792605691
-0.34606801693339
-0.302342371060836
-0.188642961457735
-0.0834747580097309
0.0334430192286412
0.173877923109749
0.258438118891712
0.281627761711475
0.291034290606014
0.32584558258702
0.394347309823547
0.434410366871799
0.445552980043945
0.458956697428756
0.49763012790478
0.566563241010026
0.530650406346994
0.393237140396206
0.239996260820964
0.115013387474901
0.0482443341606615
0.071794965345392
0.172278705299395
0.286506943412282
0.344918137763106
0.335724286952167
0.311072407764467
0.290191456777657
0.263243649503408
0.279949265203779
0.27945527756565
0.271521938973715
0.216221704334125
0.171429968851136
0.158464820240505
0.145842194202466
0.128073809319242
0.0775788704761885
-0.0115897559237776
-0.0722324600733134
-0.0278656350817324
0.0797529670575011
0.15026031012688
0.255027209846783
0.323586487445844
0.372449162467765
0.440205797079348
0.515081986673451
0.629417421538
0.723790426230819
0.75643862504074
0.757946610495783
0.724347426822325
0.608550050389846
0.391710182937592
0.167122316478896
-0.0501327624748683
-0.164369870180466
-0.126682181485971
0.00842317535251774
0.196347102946336
0.327883779902727
0.424971517098817
0.515029429726585
0.554575674596145
0.582597700329521
0.581754387831295
0.547312374633646
0.47389082866062
0.353910034284029
0.254103970379242
0.190502727544714
0.186527256194735
0.166374307811927
0.120411625117403
0.0239181314512876
-0.0839540668011049
-0.147866674315323
-0.149047985184797
-0.0458722430994624
0.0697597574419906
0.136882204145187
0.208991311689934
0.275916577421662
0.391854167241442
0.570684644514367
0.739507388869846
0.842535525452402
0.86669176314142
0.846763956199329
0.807468189183037
0.774121876363285
0.545427721025208
0.171046988851058
-0.162511135724817
-0.387821953932605
-0.375994477590606
-0.172601591922398
0.0626032359840305
0.22852740408198
0.300866812515262
0.327552625925866
0.328189850685353
0.327808487410417
0.322635755045349
0.23683062629682
0.0825985638584224
-0.0674814413865663
-0.121943254413971
-0.0691707147394911
0.0118483582298569
-0.0357908033534816
-0.14151888558974
-0.257638950402756
-0.360263756273489
-0.353286262960702
-0.287284687885433
-0.151361050999474
-0.0616832514970645
0.00579163229749661
0.0944302371281108
0.188583207947217
0.335217351308432
0.491059141126709
0.64765790612289
0.779067365645785
0.821660633223811
0.789528030458303
0.828231557591339
0.704450999634473
0.262151672281214
-0.150567054154345
-0.39682862206334
-0.364894956707008
-0.112331822812423
0.120559216149471
0.272636755168033
0.342097378786292
0.402234524954139
0.539308541557032
0.590340063274621
0.524628383094857
0.375416795373428
0.205350191567802
0.152787587864888
0.182287698780295
0.235009989654163
0.282721982915729
0.25001552326134
0.200635416785869
0.127062594579738
-0.0949858678388325
-0.309485532512906
-0.45788334292542
-0.512775110469153
-0.391655836232982
-0.201368614189566
-0.0356585408489379
0.0573137173853551
0.0697052781607636
0.130064639525208
0.310988495417191
0.520234791391617
0.674360944228945
0.681419142143025
0.662764206628297
0.711982329741069
0.845652551671271
0.915667350819969
0.442936770022427
-0.224067161897989
-0.564094649951988
-0.496726420036006
-0.0978536809882349
0.197890147698822
0.32627196010024
0.412447772326653
0.500047266279207
0.72700792233472
0.80342584878763
0.663054347658295
0.405030028159478
0.200314775007278
0.264640220659657
0.458007907294746
0.581664151269397
0.608204845890267
0.59251957409821
0.653090017536241
0.717848847668525
0.671201519431707
0.411197267257547
0.0786741883030366
-0.0104765361326798
0.142304836083117
0.39786799913783
0.540377732359259
0.578973809316141
0.686512385186201
0.87356930106078
1.0722819178871
1.21568620702423
1.24358089603809
1.27629232561604
1.39759527297981
1.59094631416176
1.73647403637672
1.84195520866244
1.74242065515246
1.01145808655996
0.395859500908851
0.300724754070786
0.460225278059972
0.776879528748072
0.834887488944083
0.934891477788269
1.20834203741053
1.43184275493813
1.54568166604449
1.28154062016364
0.886484076093603
0.672074115623942
0.654993333379447
0.723880866044938
0.704215447414477
0.662594441202822
0.729678680822123
0.858094892432195
0.936107416155855
0.783318679443505
0.511522751703937
0.330682384236364
0.146263005978912
0.0104927350148216
0.115053652186495
0.335309426449194
0.579017481811862
0.719056793021226
0.76029089777444
0.768162634351632
0.736839200573442
0.79349521059731
0.855557747575752
0.864251706092461
0.883840618325312
0.973650064817186
1.25413236639239
1.46874991052846
1.68997929651792
1.36632346412818
0.257865199956264
-0.273199964141264
-0.138231849318228
0.17654568753595
0.327193004121348
0.163127219192589
0.438912735192466
0.941436666056696
1.19706037040167
0.962404091014177
0.259338922372903
-0.113359028949783
-0.0560837608787715
0.0387924778115137
-0.0154683690653649
-0.195168226605179
-0.0685413972116659
0.226910484871105
0.349006455659147
0.186832870107054
-0.209372537759859
-0.408778678082185
-0.523513480548748
-0.818737945642414
-0.955293492626142
-0.806178571790175
-0.452554281634087
-0.256358852571159
-0.365569836715851
-0.478642450116103
-0.49464129525059
-0.461147349623387
-0.457579950358734
-0.608323317321245
-0.624694793657004
-0.431788581946075
-0.119343834387143
0.138464333055761
0.185705706645081
0.314128782103625
0.236405486819143
-0.692820443572797
-1.32461078346941
-1.27173880845751
-1.07411977217161
-0.907529198845041
-0.900701985474482
-0.535024785194683
-0.0192560247702475
0.0609871072120006
-0.313888367383247
-0.917363264939871
-1.11173134283601
-0.995374628605172
-1.01257277463213
-1.07634746095695
-1.02574211889201
-0.673785328452513
-0.346653879963806
-0.387190608508656
-0.579577880072146
-0.790222513638908
-0.809784949910083
-0.940714110353373
-1.38877234152048
-1.4411060813514
-1.0613099373182
-0.691629956779009
-0.623485177627194
-0.821020955967862
-0.781207638205279
-0.62618630482124
-0.650247501456574
-0.817515429678687
-0.826437365860935
-0.512661405692592
-0.224587025567434
-0.0184668295692569
0.122765513596794
0.363329962013016
0.581115756153174
-0.388427292360501
-1.42589731775353
-1.43632415831226
-1.16460701649945
-0.9362967977734
-1.02637415456318
-0.765754643503456
0.00050804498181471
0.163918591019294
-0.184449912478436
-0.846251575661437
-1.10080877942794
-0.921345906467235
-0.975079211520344
-1.07101184875679
-0.986732850875897
-0.506472474238556
-0.125700122945931
-0.25255280348401
-0.488232720630612
-0.641946368427683
-0.62681527387326
-0.759006452438057
-1.06007165242741
-1.16755816810193
-1.05903629667351
-0.77159409820827
-0.638048379578129
-0.729307442533041
-0.707476058828111
-0.631258660545397
-0.645505303700771
-0.791148488734498
-0.885268221241975
-0.680706724597451
-0.394139295164517
-0.137798716762277
0.120714743930673
0.439424086887285
0.784198749124261
1.01358245040719
0.212880335594125
-0.971179274111386
-0.896545609286309
-0.411311781090333
-0.369341844404903
-0.522778167726012
-0.214966779454613
0.669244580772469
0.844438102920623
0.260793455249632
-0.400388666601228
-0.512573275911224
-0.266627202697037
-0.491334511170425
-0.69481594017801
-0.374947214024814
0.209408353505636
0.468192652086194
0.112885274928747
-0.120337020878854
-0.112614652838108
-0.197273768554715
-0.543242622147216
-0.804247709668852
-0.67810712570408
-0.663723982405193
-0.557787290425823
-0.442393965656709
-0.446965596040018
-0.320596365106558
-0.336947969985404
-0.376196491312162
-0.436288611338359
-0.396029939283108
-0.102463606638496
0.0862221801604444
0.295205217164234
0.518530363659999
0.827040591928197
1.0537029549277
1.09625711849272
0.216952913105588
-1.01066257100819
-0.887381442576839
-0.459616169687408
-0.487313530491456
-0.506699441718954
-0.10278178198639
0.721180802390195
0.650581286685178
-0.0081685441124467
-0.466016804637796
-0.529351348241001
-0.416518522394815
-0.672310105404278
-0.698056323045882
-0.163818026732188
0.368603169361025
0.422625892901919
-0.00352637297075811
-0.144751704867222
-0.121410902482253
-0.310037298181015
-0.670005570822756
-0.792263498934754
-0.470499214284993
-0.454542820443054
-0.543735285703628
-0.514301460302736
-0.45858225738788
-0.403837206691121
-0.550119650704629
-0.568505960490099
-0.447504509334834
-0.35441048325038
-0.234506027008286
-0.181947792757779
0.136844804852919
0.418389818519908
0.533407827708008
0.766487857835126
0.893304683687221
1.04900655925583
0.187987156866871
-1.03947523809169
-0.795028760885938
-0.449099988050302
-0.599295090339913
-0.686632887082503
-0.231096372265182
0.565854288165149
0.311287381306195
-0.459077836960904
-0.851910134532156
-0.716407034252111
-0.667891167764574
-1.0808136333002
-0.916146582609236
-0.30034231662979
0.0381986988319709
-0.223381146109258
-0.629367313203025
-0.52473519950363
-0.59616123439768
-1.04526880176853
-1.38951743383038
-1.28800105670448
-0.788813677374875
-0.931336956604332
-1.35076321879663
-1.17911950128161
-0.976342936054306
-1.06551345517164
-1.33912964598859
-1.25790372175195
-0.867429076325538
-0.805187443034551
-0.891419979612074
-0.770872533436929
-0.332715638265837
-0.0660209323405818
-0.107877124733206
0.0777583980994023
0.341939249093347
0.51899027368751
-0.324216695648823
-1.73212811563184
-1.61372647702925
-1.15746261108359
-1.35922660233322
-1.38936799333741
-0.861949794726847
-0.0568238847429876
-0.274044035633008
-1.05954715514123
-1.35802515825629
-1.1979277115326
-1.23953517053498
-1.60431746540072
-1.32475867581639
-0.622447182559398
-0.339682164614285
-0.649142019908959
-0.961885363606203
-0.738996113605121
-0.791440325445649
-1.32428485053193
-1.63263435520061
-1.42359300680106
-0.960029920889036
-0.934077805817232
-1.10510340103136
-1.36012941018173
-1.67395810263845
-1.62704933606998
-1.5913759473526
-1.59878195429467
-1.3546534515981
-1.03321767419075
-0.922831763211799
-1.10526749240114
-1.10746544183651
-0.844776485173981
-0.639161671877782
-0.565723412597127
-0.373493347968346
0.0642588811185557
0.372141583677857
0.176704390209246
-1.22009255852544
-1.92362874424322
-1.30539331961194
-1.27496414902974
-1.54581912709039
-1.26268646536066
-0.350057518416079
0.162710340906251
-0.589334209956145
-1.12331185361817
-1.02064080586048
-0.974214733674936
-1.2111434336176
-1.19332903119126
-0.545036323779501
0.0301091148284701
0.0807379914681935
-0.152250186356169
-0.193980469969614
-0.211064349714076
-0.60087365739989
-0.930450619735111
-0.931373693124073
-0.572659674325193
-0.288001068726675
-0.324164423941364
-0.311528304104138
-0.78075853407645
-1.02442487705694
-0.848154651348249
-0.832145029662902
-0.670956292846785
-0.404900257619339
-0.0819292374237996
-0.0495651228002867
-0.340436842795347
-0.206600114487086
0.1543512119252
0.406062046265606
0.482865236341877
0.694789273103561
1.09400489411405
1.35549971014013
1.11720133752125
-0.424212478674191
-1.11916416628466
-0.393363477207459
-0.256964649076093
-0.321941095351517
0.0975022154915378
0.990233955566885
1.36442487080031
0.492000243148261
-0.0882191247803829
-0.101524869522682
-0.0656242221105531
-0.177436261738746
-0.0291265648840118
0.676954365361062
1.22337413057657
1.18998355638093
0.828851734578896
0.606179588594356
0.422627124205682
-0.010252405249457
-0.255816689678922
-0.129197580943651
0.273787713497141
0.597468309906042
0.62501351929579
0.590776553883528
0.235651913948492
-0.0771463136267117
-0.13630717685887
-0.0846002483688733
0.213957491943557
0.568290171047848
0.881484229414073
0.91664223857824
0.69709361272113
0.787023367929048
1.00371317873488
1.16083243465473
1.31991397341267
1.44401415684025
1.56198519543987
1.66653561654535
1.94033549263664
1.60682959279878
0.00447290226344568
-0.356122949232007
0.454006750149165
0.524001118874077
0.363439264893692
0.697870314212739
1.39254772587857
1.38127847242918
0.452613963028482
0.0112699021376454
0.273564486591157
0.511783160064477
0.407972643448442
0.525296281540985
1.06336838364017
1.35673148847334
0.947277002516959
0.334051440026101
0.178121972643185
0.149598159211822
-0.106061361673283
-0.281099717181022
-0.0798030762404635
0.324945461699553
0.448580413167829
0.289042274962652
0.210829688273116
0.211109867238949
-0.213813884246204
-0.991530560037677
-0.573111399417094
0.28758717435384
0.394207501700033
0.269831425486772
0.281323437823945
0.450678321995635
0.224602018125049
-0.28990901494666
-0.0927670079428715
0.407785399701861
0.526133496716574
0.44833690250979
0.714536079354908
1.25576422844435
1.56390456586702
0.246884837842656
-1.28048852713956
-0.566513677822014
0.113715735778197
-0.201659125581334
-0.147661622947986
0.59607195970998
1.4509817685455
0.936519756747751
-0.244145374225821
-0.317896384470484
0.011522762657331
-0.0712968048094945
-0.361245708389683
-0.0337238830360755
0.744671495754977
0.855229673879706
0.207662695920555
-0.166608402377107
-0.0120255533128746
-0.0786573107633473
-0.463954974725157
-0.574631373573189
-0.118037028932451
0.360987330099415
0.383228699393356
0.316914229509327
0.318835599491114
0.268917329163157
-0.225151700475845
-0.685592196472914
-0.32612904136214
0.118296901518857
0.216416626705126
0.0970894803391571
0.0177888374735622
0.14173884196224
-0.0227453579154613
-0.297608207624876
-0.0804987432624949
0.211235694141856
0.293815584093344
0.365393250306874
0.6405879370291
1.12705930749253
1.37398162485487
1.49655293899091
0.651302461405135
-0.744868651522318
-0.329032093014785
0.422045606288518
0.158725463478271
0.223286645889754
0.867295637133555
1.52783484263147
1.12155663228456
0.111539881095229
0.067114444983627
0.418556946328324
0.42946747997923
0.402630835952547
0.782157185769909
1.29065510525702
1.19415964616778
0.663529608681211
0.561149287747469
0.792599261495657
0.75511075001669
0.610300904682449
0.646150542945628
0.92988795226404
1.19518884148818
1.13892062869208
0.998087173103242
0.929133245916366
0.763437283368643
0.293532687687743
0.10291968475744
0.592359192580264
0.95162232738213
0.927179292038649
0.807300119026065
0.774526723408587
0.812106538621893
0.659313193811333
0.623079641315428
0.932508942179137
1.18530502970398
1.26013650797689
1.38267581738599
1.57055413776198
1.75600629462804
1.97510001742961
1.75601341893363
0.268216419972382
-0.222876592591684
0.73804010224578
0.985374704510734
0.784906851159698
0.942525039062605
1.54492835906262
1.72610651191308
0.638471547610364
-0.106831022584722
0.216516858457412
0.536469342790332
0.481929876247611
0.452611554385678
0.988555804251931
1.50936261384321
1.10843045055079
0.471110715568239
0.43849495444141
0.570314591596369
0.419575294933826
0.154938985834132
0.238281478283098
0.728342385535977
0.959911324399508
0.753992496160032
0.518167806925346
0.390318421948532
0.271560803654696
-0.182392997214183
-0.489336825643585
-0.0132387597699174
0.456797342038266
0.447757934750721
0.298142431196904
0.343762362029503
0.57756561942675
0.509550311018774
0.271338553744072
0.396550778953318
0.660099484915367
0.720550279244378
0.773450752357739
1.00176782683143
1.41810707282049
1.61172361752526
1.7543753697343
1.17861440708874
-0.369064160534403
-0.395583030870781
0.46117617039335
0.383031026941855
0.364702584305502
0.743382882999918
1.18010004480961
1.01180161492097
0.029331564974689
-0.333264149882997
0.03623054895218
0.206516638691026
0.228900250996052
0.302832094812261
0.579173893910017
0.687962533773542
0.22465158796478
-0.184623163428888
-0.183507202384821
-0.164307858776773
-0.213641075903591
-0.299051982369818
-0.237675137575941
0.0388287436652539
0.138031970351535
-0.0554332004343462
-0.283990778460209
-0.3438754533873
-0.328724796729536
-0.678509294405647
-0.833168404409408
-0.328959153417148
-0.0222833299366789
-0.133479185412283
-0.319508838095586
-0.277952042551761
-0.0728538179866035
-0.233677127226575
-0.442156992841877
-0.241581094538141
0.0557768676593676
0.224565959490066
0.20060118492768
0.325304061114326
0.695297429875719
0.798819787856722
0.93131516689382
0.385048022988233
-1.10990824439055
-0.947379709668945
-0.0137173490026214
-0.153594075456264
-0.21733950626715
0.116142788659086
0.52518422465248
0.457583493379901
-0.475908593633814
-0.890283839155305
-0.591364716591867
-0.416013654442319
-0.292868403589359
-0.237534867600023
-0.0465968168376949
0.128474661446229
-0.167528360799688
-0.52911629415381
-0.542590600149824
-0.467105444057649
-0.380764493719478
-0.419336388357317
-0.401670396013556
-0.0895723670938582
0.0550495233985085
-0.178356827875742
-0.452595122986768
-0.576562196806977
-0.673040238845557
-0.819562174730891
-0.805502408767454
-0.606392483354761
-0.442723822910281
-0.440341228473196
-0.652073409313654
-0.758951313934647
-0.672485644463248
-0.650641480499262
-0.645209290900003
-0.512472228714485
-0.335618818613589
-0.198349949751614
-0.129458894328449
-0.125925935542752
-0.0642985801523842
0.0526583903614739
0.411537348980601
0.337891542721303
-1.12295232449426
-1.49276241821595
-0.52532221427746
-0.401759920517923
-0.588657403765321
-0.535288325753195
-0.246388876644195
0.125120188656409
-0.46767003719033
-1.14525293638689
-0.932029368148476
-0.522525031225012
-0.190135033089406
-0.199451019098805
-0.312200079993384
-0.00917617788033279
0.0262258072714603
-0.35433257873366
-0.5081355469264
-0.43340526406223
-0.171218710798829
-0.0832080049451967
-0.288708749840039
-0.115369836846008
0.204957183806425
0.144240706547046
-0.199325657969267
-0.410118367119186
-0.335983174603169
-0.51547258874627
-0.717983591712146
-0.406345371258712
-0.0798263708846467
-0.00401968915667836
-0.104358821944777
-0.24306412165706
-0.0807674115365318
0.0235164060363564
0.00978126120091708
0.169938995036372
0.356960039407836
0.498671299240646
0.530371442727989
0.470678906126264
0.602904184305561
0.811956699630427
1.04803736457101
1.18357991358514
0.0281477844183623
-0.973821281498319
-0.325028272071907
0.0704709726366435
-0.111033195533749
-0.0261921841696715
0.208195228817334
0.742048650839727
0.588242769314962
-0.249855022492791
-0.414714534697095
-0.147584839398114
0.205969555618693
0.420436234796843
0.277812414650324
0.392686335888882
0.585925087804082
0.356581187765111
0.0906552624172741
-0.0378801706185709
0.00872154818075039
0.135644247137984
0.0382340198671091
0.044071735130427
0.264770237853401
0.335309900331487
0.171062538976602
-0.0519670338372913
-0.186010059519126
-0.481953302469138
-0.533876317748457
-0.126198460247784
0.083755759086344
0.0699097854159452
0.0314893341074645
-0.0952920530767222
-0.0455690049013411
-0.075134600493436
-0.197736933167353
-0.0305842259634837
0.1648164034337
0.259768364507605
0.291813026723632
0.322589122188361
0.513241686106712
0.757316975977843
0.709538991083402
-0.542848788716478
-1.53551638796079
-0.807400285923678
-0.215761291273899
-0.464458265088028
-0.614954953948892
-0.368363535105837
0.114639225487833
-0.263244420329714
-1.2598392886639
-1.4577198993175
-1.07997198545082
-0.719676342479181
-0.695618270036147
-0.826929108660747
-0.593388229253197
-0.413463626482158
-0.717855337374535
-1.02173406911266
-1.06722564770417
-0.948142802012414
-0.808563969421658
-0.957806709145324
-1.00251625791299
-0.731184512777372
-0.620988958828412
-0.855297546049336
-1.2591233737161
-1.39086105396218
-1.2867946262556
-1.49316089730709
-1.65165839312336
-1.43677510961863
-1.2332631936432
-1.21818778080494
-1.36517191098082
-1.43617737152286
-1.28648901015198
-1.19539066690806
-1.19450848360097
-1.15075278922181
-1.01641169895319
-0.794518199805875
-0.72954510678794
-0.832394986387367
-0.765083403114518
-0.558498344959395
-0.28328701318901
0.040425729138532
-0.824710928143241
-2.15932163660195
-1.92930706755533
-1.18653506186555
-0.963192140499132
-0.993538258102993
-1.01747012593819
-0.551307347449103
-0.417539143919802
-1.26942027994198
-1.82903804968299
-1.66459939774618
-1.07127845429762
-0.661913813700829
-0.87667449843852
-0.885202590436244
-0.590824516064419
-0.59622822248089
-0.880672415626938
-1.14825556337578
-1.14345549287043
-0.832611784368509
-0.746763006221026
-0.880535519119393
-0.818308451304078
-0.63862704980739
-0.561575238248932
-0.713398434631922
-0.96180065167195
-0.914221003338109
-0.978555074669145
-1.40331534311102
-1.35918405567375
-0.945310905038831
-0.750717599180963
-0.783510050994303
-0.99335947022749
-0.925959772247583
-0.666916519652153
-0.664232957042144
-0.714460055116989
-0.566350330111012
-0.288642965996933
-0.0460646455899767
0.0344065310265407
0.164047248717202
0.411793546282036
0.725429503704353
0.0165140624293401
-1.45244787352844
-1.41044072409788
-0.541226490039368
-0.243848957597952
-0.236976261759727
-0.306030456690161
0.0715147222872894
0.399278977611454
-0.301168389068669
-1.03087360694436
-1.0128957875166
-0.421789011825593
0.260838690765185
0.280225604796512
0.0306588632521179
0.127601221541323
0.165661432444376
-0.0465306320693166
-0.333558307739619
-0.510138470850852
-0.252112783149862
0.089924723526269
0.0701336572322561
0.0348489117785686
0.0517821286239409
0.0875661392203275
0.0450593980660101
-0.243802065225873
-0.349480908522014
-0.172595184306093
-0.244917809250408
-0.408596344562261
-0.301033336921117
-0.154787483892674
-0.111485906015111
-0.121184376128459
-0.174537829660492
-0.144026849767908
-0.0700671650021889
-0.130608825609639
-0.112382731217495
-0.0309824046724331
0.131150285914631
0.375760581842206
0.464003941162752
0.431592126887583
0.491092387485422
0.60227137981319
0.74432616226666
0.912393876025653
0.101294189749372
-1.09960981055216
-0.857496378386354
-0.0708393068080317
0.183595561931453
0.189720006866406
0.117535542187284
0.372285332621784
0.505868667249652
-0.0906473603165563
-0.531239653306682
-0.389190547626551
0.0667648739343048
0.480848242043689
0.387073948583475
0.16120771215147
0.230148252436167
0.232743515556824
0.0408981062942228
-0.211997505163274
-0.348499686648689
-0.121383568775761
0.0576262301944002
-0.0531497612176545
-0.0618980622449018
0.0421140012971638
0.110643264181925
-0.0274999833482018
-0.386863668064361
-0.508258869524074
-0.563728759791252
-0.785847664351076
-0.653102111094896
-0.371941341691751
-0.270240531668554
-0.294110984938094
-0.371154549924014
-0.295477842731308
-0.195728864840823
-0.277709211993628
-0.265578163275038
-0.0918632612944664
0.192647232949119
0.376068179255818
0.360545615733257
0.286867260539771
0.302966683642837
0.395961309870446
0.759110041233364
0.382419324504457
-0.97721868750901
-1.24844976814051
-0.554067160247479
-0.11681155771325
-0.0599357683947551
-0.354573921759957
-0.273220623011251
0.171271726140192
-0.1214847316534
-0.697910104057177
-0.89188200819512
-0.585737817146618
0.00987870475015967
0.147048464934794
-0.139430758177543
-0.176148908256203
-0.0924946310003597
-0.0431552003641863
-0.186078440921927
-0.527621970373804
-0.585170928998269
-0.353215368808104
-0.232556366156475
-0.225111405098498
-0.280080712731672
-0.29039421293981
-0.271004705197181
-0.378501615746056
-0.596506702847315
-0.720867047807577
-0.632696894952093
-0.73582015048418
-0.881455523882888
-0.68700368937518
-0.473645459957934
-0.350226066993342
-0.311265703547608
-0.375331095840302
-0.261903653974111
-0.125047683852735
-0.150924726540262
-0.0904670018775794
0.0307382593940429
0.229800914660898
0.364722369930692
0.258626585012521
0.196223200000393
0.306277153387184
0.403411428098744
0.558506134689155
0.749390963570743
0.245333295829804
-0.811223511612008
-1.06245880621582
-0.641463979344233
-0.221554712006034
0.0323645349818726
-0.0210063035292274
-0.00810298892151343
0.194172745419316
0.0825768890235603
-0.277755408884836
-0.598121721912733
-0.624170126954928
-0.212557647983488
0.112451486115785
0.108952634093309
0.0248523282959359
-0.0198646803744966
0.07217648299992
0.0677112520110509
-0.259261695578564
-0.522946742263295
-0.469194351006123
-0.205210901117405
0.108841162163638
0.195225859899552
0.155326246843285
0.135407453265038
0.0766996134311993
-0.0582158551110614
-0.397059404692476
-0.555961135658222
-0.195705958163954
0.280289550102568
0.416842403319227
0.259544763819288
0.116493322299923
0.224332157041867
0.304022410676672
0.162656683034277
-0.0139771970902719
-0.00685673098826774
0.269035694317476
0.534136465134927
0.638725024434615
0.623051772966074
0.68614821069041
0.854106445224116
0.986032976880722
1.10384922105739
0.679834324179182
-0.239288963779939
-0.369413464998557
0.123415430292148
0.528638286092831
0.749256241064121
0.631138784611742
0.644018931224397
0.9630646761941
0.935153809017546
0.594955412952877
0.303113312291691
0.28789646986699
0.652974732525686
0.933839218828346
0.966955309387237
0.93197551624759
0.923372187652584
1.02034179934324
1.02169567758167
0.675142464106467
0.318142211874534
0.239475009276074
0.358682069809275
0.583380427662843
0.721106786671747
0.745473294249861
0.817472029576629
0.807602623759687
0.642598882817437
0.440990267915501
0.277927704323565
0.266035961093467
0.244992789878757
0.255372906790232
0.411532696140046
0.555053230595386
0.675544448722304
0.703162641963774
0.593872157598988
0.580090394303324
0.58688199818535
0.560951665654603
0.588913113315987
0.667949240949669
0.822537350996096
0.926385893837909
0.903106187892093
0.897724884506656
0.980442847714227
1.04928416131467
1.02952375388306
0.933371288768003
0.794777432411817
0.501365121603584
0.193240275114362
0.208773564848597
0.444221091161283
0.640836501396988
0.762974620728326
0.745016502799935
0.80121816957355
0.89172892919946
0.803376731716438
0.642102936508556
0.534674259250017
0.503623501563322
0.617369429840115
0.698415524698592
0.695900956080046
0.656212498141013
0.630389460192051
0.587149274264095
0.482833463658527
0.271941041903621
0.132764625794994
0.0972155547121764
0.195704727632598
0.367391774976233
0.424930858001944
0.450915545598303
0.494615280614659
0.55731164364731
0.614430032916016
0.652201132177705
0.633722119336538
0.62363399639159
0.593342463122809
0.593385298819341
0.725954768279817
0.841606986896979
0.474641399127759
0.000154223710772382
-0.192536791814315
-0.222856023520079
-0.143614268947854
-0.152133993581704
-0.248734509295548
-0.152748588816447
0.0645686051620595
0.298670251251229
0.462467410018447
0.455483917326622
0.317044283547517
0.249167429840647
0.20921256616454
0.115155080863084
0.00363662410478094
-0.123765114901798
-0.164704679318072
-0.0527132872348039
0.0371557257515537
0.0622951953361383
0.0347500201834802
0.0241142238600668
0.116026127562791
0.203124100068906
0.207552736429512
0.152779865002354
0.115346427784987
0.157553050092206
0.234925938020165
0.255960494917509
0.271209137457349
0.305112037998797
0.286393288996629
0.276316167033843
0.281119086007348
0.263578788904659
0.253390982443384
0.259020959365666
0.232680726362065
0.148674157258057
0.0759315391091248
0.0951136339296232
0.228909709993126
0.288268543380166
0.249437354356948
0.188564291436803
0.153514797533277
0.202262083390634
0.258593006821602
0.222242604793367
0.215074665734154
0.277252942907616
0.328419576374966
0.347212172626083
0.260690433915698
0.167002817720754
0.163978407112388
0.221831891690844
0.28259136797847
0.366553571254141
0.389542086318856
0.357425909887454
0.327028013193168
0.278750230604211
0.25872114418746
0.256024101063126
0.248130329464827
0.215420329895908
0.167257405524809
0.145557384611135
0.201871627481513
0.232970868101929
0.216279767717685
0.207222353525996
0.238030332669874
0.295364283311349
0.30153108227392
0.318207005508424
0.349296218437889
0.316349403570448
0.275498847581246
0.292522332505243
0.36961775112569
0.460003718633684
0.515128470995986
0.560992512265815
0.613435487648644
0.682422130991968
0.704362191290356
0.719403021155299
0.732403392435661
0.787302249454309
0.860232666759202
0.950680529911964
0.995278050598065
1.00116348772927
0.986234641160714
0.916914341893946
0.817368018880521
0.755008934218017
0.706878404864465
0.67046712399976
0.580433506602086
0.51525107601366
0.512072013986972
0.490311557375421
0.437774941922946
0.373003455329928
0.290663057487242
0.277657936147618
0.2944508026622
0.268956252043079
0.248732786065379
0.214332474416171
0.221763611141235
0.238255959140971
0.208207335475123
0.155561514199497
0.122083824481944
0.0792414211424348
0.0273204126554422
-0.0321526961600628
-0.00282184802383074
0.0419172663442291
0.0908576966452493
0.114292929248684
0.112109893149941
0.122884857462
0.121916689430721
0.128903377621115
0.126868062385617
0.13942904524193
0.139971848038187
0.136311639514012
0.133286489677792
0.14109781728239
0.164011058254477
0.141804428299216
0.106616537526818
0.0867160759343686
0.0523816701533268
-0.00488124037753659
-0.0511656668938581
-0.0586862116917871
0.00294433768103803
0.0496337574837895
0.0132505869787915
-0.0851498739325843
-0.186561242460087
-0.2475833712678
-0.301213178699139
-0.348604552758739
-0.436236887734674
-0.462795813929
-0.40557972774791
-0.374366267413979
-0.394546445882231
-0.460972318316347
-0.500118153724942
-0.47781756943429
-0.434608283784816
-0.416604787309258
-0.388583405009811
-0.368543333562371
-0.344018339965652
-0.315326008715515
-0.285444066897333
-0.269082420798313
-0.241275594554688
-0.277504469523807
-0.370680076258048
-0.440976554815169
-0.514427793254063
-0.525382995874012
-0.487421757143098
-0.417060339291304
-0.355017951457021
-0.367971795639985
-0.378838068856937
-0.370076021250953
-0.371596757335355
-0.371150933435614
-0.400131284316346
-0.421111516745625
-0.409460688139539
-0.391093333088073
-0.409544098706733
-0.448049991212623
-0.476114657965297
-0.514876630067622
-0.547803426016672
-0.581265516548745
-0.603600596150373
-0.592768784812421
-0.539119824580891
-0.483715907523605
-0.425411407723654
-0.402190347501866
-0.375972922082715
-0.347033590156701
-0.326167318423009
-0.32658110390791
-0.306197816402121
-0.238365472071126
-0.158946169343582
-0.137598029036288
-0.134664710737095
-0.133802328565273
-0.123610619964499
-0.129636787514437
-0.17108560397473
-0.190171842002511
-0.147293070557467
-0.088035523114731
-0.0427991792625997
-0.000440393231988377
0.023569124518433
0.0519351321431357
0.0416452180933613
0.00720989695398627
-0.0619675672941216
-0.0851795559845782
-0.109041857906971
-0.124476278333419
-0.144061617926843
-0.145381150487255
-0.138739165016357
-0.139603060214674
-0.140400589274638
-0.133303871949725
-0.107387271325357
-0.0896153745362333
-0.0729709336524592
-0.0536224712500396
-0.043731644205295
-0.0490324041809904
-0.0364718969383261
-0.0349918303646729
-0.0277295304076428
-0.0557726144547578
-0.0947647593998397
-0.0978777077512173
-0.0925213029265357
-0.0834769998502047
-0.030552459117488
0.0488087802264958
0.0793168827494005
0.0976928345456191
0.0759965781100216
0.0476287299204742
0.031286182916618
-0.0160801960996032
0.00254231593707025
0.0417448911958138
0.0455438264461424
0.0250316440560925
0.0232234787563621
0.0253281830372001
0.00852113904958042
-0.00672011853352141
-0.0696616483949253
-0.0953645034758569
-0.105179540350727
-0.126849898220101
-0.139900381089365
